NormAllCh-n_ep10-Feb_12-lr0001-b_size64-upsm_ratio05:
  class_probability:
    0: 0.6537216828478964
    1: 0.34627831715210355
  test_metrics:
    accuracy: 0.8123
    f1: 0.7642
    precision: 0.6763
    recall: 0.8785
    roc_auc: 0.8861
  test_size: 309
CVPR_BGB:
  local_testing_original_size: 309
  local_testing_positive_class_percentage: 0.3463
  test_metrics:
    accuracy: 0.7638
    f1: 0.7224
    precision: 0.609
    recall: 0.8879
    roc_auc: 0.8404
Togo_crop-mask_2019_February:
  local_testing_original_size: 309
  local_testing_positive_class_percentage: 0.3463
  test_metrics:
    accuracy: 0.7638
    f1: 0.7224
    precision: 0.609
    recall: 0.8879
    roc_auc: 0.8404
eunice-crop:
  local_testing_original_size: 309
  local_testing_positive_class_percentage: 0.3463
  test_metrics:
    accuracy: 0.7832
    f1: 0.7149
    precision: 0.6562
    recall: 0.785
    roc_auc: 0.8452
