lat=1.53637558_lon=30.17155066_date=2020-01-01_2021-12-31
lat=0.72933228_lon=33.38485144_date=2020-01-01_2021-12-31
lat=0.65960022_lon=34.29797232_date=2020-01-01_2021-12-31
lat=0.07165738_lon=34.26872182_date=2020-01-01_2021-12-31