
lat=6.221355_lon=1.54310013_date=2019-01-01_2020-12-31
lat=6.22023255_lon=1.53933769_date=2019-01-01_2020-12-31
lat=6.22040681_lon=1.53686519_date=2019-01-01_2020-12-31